No	AA	OHEL	PHEL	RI_S	OACC	PACC	OREL	PREL	RI_A	pH	pE	pL	Obe	Pbe	Obie	Pbie	OtH	OtE	OtL	Ot0	Ot1	Ot2	Ot3	Ot4	Ot5	Ot6	Ot7	Ot8	Ot9
1	S	L	L	9	0	117	0	90	4	0	0	9	b	e	b	e	1	2	96	2	2	3	5	8	12	18	22	31	34
2	L	L	L	2	0	68	0	42	2	2	2	5	b	e	b	e	22	28	54	11	11	12	15	18	21	22	20	18	15
3	F	L	L	1	0	39	0	20	1	1	3	4	b	e	b	i	20	35	49	15	16	18	21	23	22	20	17	15	13
4	E	L	L	1	0	81	0	42	0	2	3	4	b	e	b	e	24	36	49	7	8	9	13	17	20	23	23	23	21
5	Q	L	L	2	0	110	0	56	1	2	2	4	b	e	b	e	28	29	54	9	9	11	14	17	20	22	23	23	22
6	L	L	L	4	0	19	0	12	0	1	1	6	b	b	b	i	20	20	68	20	20	20	21	19	18	16	14	14	14
7	G	L	L	6	0	35	0	42	0	1	1	7	b	e	b	e	15	13	76	13	12	12	15	17	19	21	20	19	18
8	G	L	L	3	0	25	0	30	2	2	0	6	b	e	b	i	31	8	66	16	16	15	19	21	23	22	18	13	9
9	Q	L	H	4	0	83	0	42	1	6	0	2	b	e	b	e	67	7	24	8	9	11	15	18	21	23	23	21	19
10	A	L	H	7	0	59	0	56	3	8	0	1	b	e	b	e	85	5	11	5	6	8	11	14	18	23	26	24	22
11	A	L	H	8	0	31	0	30	1	9	0	0	b	e	b	i	91	3	6	18	18	17	20	21	22	21	17	12	8
12	V	L	H	9	0	0	0	0	3	9	0	0	b	b	b	b	94	2	3	31	28	23	21	18	14	10	6	3	2
13	Q	L	H	9	0	83	0	42	3	9	0	0	b	e	b	e	95	0	4	5	6	9	13	18	22	25	23	18	12
14	A	L	H	9	0	44	0	42	4	9	0	0	b	e	b	e	95	1	3	5	6	8	12	17	22	27	25	19	12
15	V	L	H	9	0	0	0	0	4	9	0	0	b	b	b	b	95	0	4	34	29	21	18	15	12	9	6	4	2
16	T	L	H	9	0	0	0	0	4	9	0	0	b	b	b	b	95	0	3	34	29	20	18	15	12	9	6	3	1
17	A	L	H	9	0	44	0	42	3	9	0	0	b	e	b	e	96	0	3	9	10	11	14	18	22	24	22	16	11
18	Q	L	H	9	0	59	0	30	4	9	0	0	b	e	b	i	95	0	4	5	7	11	18	23	27	27	21	12	6
19	F	L	H	8	0	0	0	0	7	9	0	0	b	b	b	b	94	0	5	40	33	21	14	11	8	5	3	2	1
20	Y	L	H	9	0	0	0	0	0	9	0	0	b	b	b	b	94	1	4	24	24	23	23	21	17	12	9	6	4
21	A	L	H	8	0	59	0	56	4	9	0	0	b	e	b	e	90	1	9	5	5	6	9	12	17	23	27	25	22
22	N	L	H	6	0	47	0	30	3	8	0	1	b	e	b	i	83	2	18	4	6	10	16	22	26	26	22	16	10
23	I	L	H	4	0	0	0	0	1	6	0	2	b	b	b	b	69	6	27	27	26	24	23	20	15	11	7	6	5
24	Q	L	H	0	0	83	0	42	1	5	0	4	b	e	b	e	53	8	45	9	10	12	15	19	21	23	22	20	17
25	A	L	L	3	0	95	0	90	4	3	0	6	b	e	b	e	31	7	65	3	4	6	9	11	14	17	22	28	31
26	D	L	L	5	0	68	0	42	0	1	0	7	b	e	b	e	20	7	75	7	9	12	16	19	22	23	23	21	20
27	A	L	L	2	0	95	0	90	1	3	0	5	b	e	b	e	38	8	61	5	6	8	11	14	17	20	23	25	26
28	T	L	L	2	0	102	0	72	2	3	1	5	b	e	b	e	35	15	57	5	6	8	11	14	18	22	25	26	26
29	V	L	L	0	0	0	0	0	0	3	2	3	b	b	b	b	43	25	43	22	22	22	22	20	17	14	11	10	9
30	A	L	L	1	0	31	0	30	1	3	1	4	b	e	b	i	35	21	51	12	13	15	18	21	22	22	20	17	15
31	T	L	L	0	0	102	0	72	1	3	2	4	b	e	b	e	36	28	43	7	8	10	13	16	18	21	22	24	24
32	F	L	L	1	0	39	0	20	0	3	2	4	b	e	b	i	33	31	43	14	15	16	19	21	21	20	18	15	14
33	F	L	L	2	0	23	0	12	0	1	2	5	b	b	b	i	21	32	54	21	21	22	23	21	18	14	11	9	9
34	N	L	L	4	0	87	0	56	2	1	2	6	b	e	b	e	15	21	69	6	7	9	13	16	20	22	23	23	22
35	G	L	L	5	0	75	0	90	3	1	1	6	b	e	b	e	18	15	72	6	7	8	12	14	16	18	20	26	28
36	I	L	L	5	0	50	0	30	0	1	1	6	b	e	b	i	19	14	72	8	9	12	16	18	19	19	19	19	19
37	D	L	L	6	0	117	0	72	1	1	0	7	b	e	b	e	13	10	80	8	8	9	12	15	18	21	23	24	23
38	M	L	L	2	0	37	0	20	1	3	0	5	b	e	b	i	37	7	59	15	16	17	20	21	21	19	14	9	6
39	P	L	H	3	0	76	0	56	3	6	0	2	b	e	b	e	69	4	30	5	5	7	10	13	17	21	25	25	24
40	N	L	H	6	0	87	0	56	4	8	0	1	b	e	b	e	83	2	14	3	4	6	10	14	19	25	28	25	22
41	Q	L	H	7	0	39	0	20	0	8	0	0	b	e	b	i	88	2	9	17	17	17	19	20	20	18	15	10	7
42	T	L	H	8	0	42	0	30	2	9	0	0	b	e	b	i	91	2	6	14	14	16	20	22	23	21	17	12	9
43	N	L	H	8	0	65	0	42	2	9	0	0	b	e	b	e	92	1	5	5	6	8	12	16	20	24	24	20	16
44	K	L	H	8	0	86	0	42	2	9	0	0	b	e	b	e	92	2	5	8	9	12	17	21	25	26	21	14	9
45	T	L	H	9	0	0	0	0	3	9	0	0	b	b	b	b	94	1	4	30	26	20	18	16	14	10	7	4	3
46	A	L	H	9	0	0	0	0	0	9	0	0	b	b	b	b	94	1	3	22	22	20	21	20	18	15	11	7	4
47	A	L	H	9	0	31	0	30	3	9	0	0	b	e	b	i	95	1	3	10	11	13	18	22	26	25	20	12	7
48	F	L	H	8	0	23	0	12	0	9	0	0	b	b	b	i	93	5	4	21	21	22	23	22	19	14	9	5	3
49	L	L	H	8	0	0	0	0	7	8	0	0	b	b	b	b	92	7	5	39	32	20	15	11	8	5	3	2	1
50	C	L	H	7	0	0	0	0	1	8	0	0	b	b	b	b	86	9	7	26	24	21	20	18	16	13	10	6	4
51	A	L	H	7	0	44	0	42	1	8	0	1	b	e	b	e	81	8	11	9	10	11	14	17	21	23	23	20	17
52	A	L	H	5	0	21	0	20	0	6	1	1	b	e	b	i	71	13	18	15	16	17	20	22	22	21	19	15	13
53	L	L	L	0	0	19	0	12	2	4	1	4	b	b	b	i	42	11	45	17	19	22	24	23	20	16	12	10	9
54	G	L	L	6	0	75	0	90	3	1	0	7	b	e	b	e	14	7	77	9	8	8	10	12	15	19	24	28	29
55	G	L	L	7	0	10	0	12	1	0	0	8	b	b	b	i	6	8	87	19	21	23	24	22	18	14	11	10	9
56	P	L	L	6	0	40	0	30	0	1	1	7	b	e	b	i	12	12	75	15	15	15	18	20	21	21	20	19	17
57	N	L	L	3	0	47	0	30	0	1	2	6	b	e	b	i	19	21	60	9	10	12	16	19	21	21	21	21	20
58	A	L	L	2	0	44	0	42	1	2	2	5	b	e	b	e	21	28	53	10	11	13	16	19	22	23	22	20	18
59	W	L	L	2	0	27	0	12	1	1	3	5	b	b	b	i	14	33	57	21	23	25	26	22	17	11	7	6	5
60	T	L	L	4	0	59	0	42	0	0	2	6	b	e	b	e	9	25	71	10	10	12	15	17	20	21	21	21	20
61	G	L	L	6	0	75	0	90	1	1	1	7	b	e	b	e	13	14	75	8	9	11	14	16	17	18	19	22	23
62	R	L	L	4	0	178	0	72	1	2	1	6	b	e	b	e	24	13	69	5	6	8	12	15	18	21	23	24	23
63	N	L	L	1	0	65	0	42	2	3	1	5	b	e	b	e	39	14	53	8	9	11	14	18	21	24	23	20	17
64	L	L	H	2	0	0	0	0	0	5	1	3	b	b	b	b	60	13	32	25	24	22	22	19	17	14	11	8	6
65	K	L	H	4	0	61	0	30	1	6	0	2	b	e	b	i	69	10	27	12	13	15	18	20	23	23	21	18	15
66	E	L	H	5	0	108	0	56	3	7	0	2	b	e	b	e	74	9	22	6	6	8	11	14	18	22	25	25	24
67	V	L	H	3	0	28	0	20	1	6	1	2	b	e	b	i	64	14	28	15	16	18	21	24	24	21	18	14	12
68	H	L	H	0	0	0	0	0	0	4	1	3	b	b	b	b	50	19	41	23	23	22	21	20	17	14	12	10	9
69	A	L	L	2	0	44	0	42	1	3	1	5	b	e	b	e	34	14	60	13	14	15	18	21	22	23	21	18	16
70	N	L	L	3	0	141	0	90	3	2	1	5	b	e	b	e	28	19	60	5	5	6	8	11	15	19	25	29	31
71	M	L	L	3	0	22	0	12	1	1	2	5	b	b	b	i	21	27	58	18	20	23	24	22	18	14	10	9	8
72	G	L	L	4	0	60	0	72	2	0	2	6	b	e	b	e	9	28	68	7	7	8	11	14	18	22	25	26	26
73	V	L	L	4	0	2	0	2	1	0	2	7	b	b	b	b	7	24	73	24	25	24	23	20	15	10	7	6	5
74	S	L	L	7	0	54	0	42	3	0	1	8	b	e	b	e	6	10	84	8	8	9	14	18	23	25	23	17	13
75	N	L	H	5	0	65	0	42	3	7	0	2	b	e	b	e	75	3	22	9	10	11	15	19	23	25	22	17	13
76	A	L	H	7	0	76	0	72	4	8	0	1	b	e	b	e	85	3	11	3	4	5	7	11	15	22	29	30	29
77	Q	L	H	7	0	59	0	30	2	8	0	1	b	e	b	i	87	3	10	13	14	15	19	22	24	23	19	13	9
78	F	L	H	8	0	0	0	0	2	9	0	0	b	b	b	b	91	2	6	29	26	22	20	17	12	8	5	3	2
79	T	L	H	8	0	42	0	30	2	9	0	0	b	e	b	i	93	1	5	10	11	14	18	21	23	23	20	14	9
80	T	L	H	8	0	59	0	42	3	9	0	0	b	e	b	e	92	2	4	7	8	10	14	19	23	26	22	15	8
81	V	L	H	8	0	0	0	0	4	9	0	0	b	b	b	b	92	1	4	32	28	20	18	15	12	9	6	4	3
82	I	L	H	8	0	0	0	0	3	9	0	0	b	b	b	b	93	1	4	32	29	22	20	16	12	8	5	3	1
83	G	L	H	9	0	47	0	56	3	9	0	0	b	e	b	e	94	0	4	5	5	6	9	14	20	26	27	21	16
84	H	L	H	8	0	36	0	20	3	9	0	0	b	e	b	i	94	0	5	14	15	18	22	25	25	21	14	8	4
85	L	L	H	9	0	0	0	0	8	9	0	0	b	b	b	b	94	0	4	41	32	19	12	9	6	4	3	2	1
86	R	L	H	8	0	74	0	30	3	9	0	0	b	e	b	i	93	1	4	11	12	15	20	24	27	25	19	12	7
87	S	L	H	8	0	72	0	56	4	9	0	0	b	e	b	e	93	1	5	3	4	6	10	15	21	28	29	22	16
88	A	L	H	8	0	0	0	0	2	9	0	0	b	b	b	b	89	2	7	28	25	21	20	18	15	11	8	5	3
89	L	L	H	7	0	0	0	0	3	8	0	1	b	b	b	b	87	2	10	32	29	23	20	17	13	10	7	5	4
90	T	L	H	5	0	102	0	72	3	7	0	2	b	e	b	e	76	2	23	4	4	5	8	11	15	21	27	28	27
91	G	L	H	1	0	75	0	90	3	5	0	3	b	e	b	e	58	3	39	2	3	4	8	11	15	21	26	30	31
92	A	L	L	3	0	31	0	30	2	2	0	6	b	e	b	i	30	4	69	9	10	14	19	23	24	22	19	17	16
93	G	L	L	7	0	75	0	90	3	0	0	8	b	e	b	e	9	4	88	5	5	6	8	12	17	21	26	29	31
94	V	L	L	8	0	8	0	6	2	0	0	8	b	b	b	b	6	6	90	19	21	25	25	22	17	12	9	9	8
95	A	L	L	8	0	44	0	42	2	0	0	9	b	e	b	e	8	2	90	5	6	7	11	16	22	26	26	22	18
96	A	L	H	5	0	59	0	56	4	7	0	2	b	e	b	e	78	1	22	3	4	5	8	13	17	23	27	27	25
97	A	L	H	7	0	76	0	72	3	8	0	1	b	e	b	e	86	1	11	5	5	7	10	13	17	23	27	28	27
98	L	L	H	8	0	32	0	20	1	9	0	0	b	e	b	i	90	2	8	17	17	18	21	22	22	19	15	10	7
99	V	L	H	8	0	17	0	12	1	9	0	0	b	b	b	i	91	1	6	18	18	19	22	22	21	17	13	8	5
100	E	L	H	8	0	108	0	56	3	9	0	0	b	e	b	e	90	1	6	5	5	7	10	14	19	24	26	23	19
101	Q	L	H	8	0	83	0	42	3	9	0	0	b	e	b	e	91	2	6	7	8	11	16	21	25	26	23	16	10
102	T	L	H	8	0	0	0	0	5	9	0	0	b	b	b	b	93	1	5	34	29	19	16	14	11	9	7	5	3
103	V	L	H	9	0	0	0	0	0	9	0	0	b	b	b	b	94	0	3	22	21	21	21	21	19	16	12	8	6
104	A	L	H	8	0	59	0	56	4	9	0	0	b	e	b	e	93	1	5	6	6	7	10	14	20	26	28	23	17
105	V	L	H	8	0	42	0	30	2	9	0	0	b	e	b	i	93	0	5	13	14	17	21	24	25	22	16	10	6
106	A	L	H	8	0	0	0	0	3	9	0	0	b	b	b	b	92	0	7	31	27	21	18	16	13	10	8	6	4
107	E	L	H	8	0	81	0	42	3	9	0	0	b	e	b	e	91	1	7	5	6	8	11	16	21	26	26	21	16
108	T	L	H	7	0	79	0	56	2	8	0	1	b	e	b	e	87	1	12	6	7	9	13	17	21	24	25	21	18
109	V	L	H	6	0	0	0	0	1	8	0	1	b	b	b	b	84	1	15	25	23	21	20	19	15	12	10	8	7
110	R	L	H	6	0	74	0	30	2	8	0	1	b	e	b	i	81	2	18	12	12	14	17	20	23	23	20	16	12
111	G	L	H	3	0	60	0	72	2	6	0	3	b	e	b	e	66	4	33	4	5	8	11	14	17	21	24	25	24
112	D	L	H	1	0	68	0	42	2	5	0	4	b	e	b	e	54	7	43	9	10	12	16	20	23	24	22	19	16
113	V	L	H	1	0	8	0	6	0	4	1	3	b	b	b	b	51	14	38	21	21	22	22	21	19	17	14	13	12
114	V	L	L	0	0	28	0	20	0	3	3	3	b	e	b	i	31	31	39	19	19	21	21	22	20	18	15	13	12
115	T	L	L	1	0	79	0	56	3	2	3	4	b	e	b	e	20	31	48	5	5	7	10	15	19	23	25	25	24
116	V	L	L	8	0	127	0	90	2	0	0	8	b	e	b	e	5	6	89	9	9	9	12	14	15	16	16	22	24