Матрица: 
10 9 0 0 0 0 0 0 0 0 
-2 12 10 0 0 0 0 0 0 0 
0 -2 13 11 0 0 0 0 0 0 
0 0 -2 14 12 0 0 0 0 0 
0 0 0 -2 15 13 0 0 0 0 
0 0 0 0 -2 16 14 0 0 0 
0 0 0 0 0 -2 17 15 0 0 
0 0 0 0 0 0 -2 18 16 0 
0 0 0 0 0 0 0 -2 19 17 
0 0 0 0 0 0 0 0 -2 20 

Вектор f:
28 52 79 110 145 184 227 274 325 182 
Вектор значений y:
1 2 3 4 5 6 7 8 9 10 
Матрица после прямой прогонки:
1.0000 0.9000 0.0000 0.0000 0.0000 0.0000 0.0000 0.0000 0.0000 0.0000 
0.0000 1.0000 0.7246 0.0000 0.0000 0.0000 0.0000 0.0000 0.0000 0.0000 
0.0000 0.0000 1.0000 0.7613 0.0000 0.0000 0.0000 0.0000 0.0000 0.0000 
0.0000 0.0000 0.0000 1.0000 0.7731 0.0000 0.0000 0.0000 0.0000 0.0000 
0.0000 0.0000 0.0000 0.0000 1.0000 0.7857 0.0000 0.0000 0.0000 0.0000 
0.0000 0.0000 0.0000 0.0000 0.0000 1.0000 0.7968 0.0000 0.0000 0.0000 
0.0000 0.0000 0.0000 0.0000 0.0000 0.0000 1.0000 0.8067 0.0000 0.0000 
0.0000 0.0000 0.0000 0.0000 0.0000 0.0000 0.0000 1.0000 0.8158 0.0000 
0.0000 0.0000 0.0000 0.0000 0.0000 0.0000 0.0000 0.0000 1.0000 0.8240 
0.0000 0.0000 0.0000 0.0000 0.0000 0.0000 0.0000 0.0000 0.0000 1.0000 

Вектор f после прямой прогонки:
2.8000 4.1739 6.0451 7.8653 9.7141 11.5773 13.4539 15.3419 17.2398 10.0000 
Вектор приближенного решения:
0.999999762 2.000000238 2.999999523 4.000000477 4.999999523 6.000000477 6.999999523 8.000000954 9.000000000 10.000000000 
Относительная погрешность: 0.00000009
