    A   Y   B   C   D   E    F    H    G   I   L   K   N   T   P   S   W   X   V   M   R    Q   Z   *
A   5   3   2   2   2  -12  -12  -9   -1  -2   0  -8  -7  -7  -7  -5  -4  -6  -6  -3  -5   -3  -4  -16
Y   3   5   2   3   2  -15  -10  -10  -1  -2  -1  -8  -8  -7  -7  -5  -6  -7  -7  -3  -5   -3  -4  -16
B   2   2   5   2   2  -12  -10  -10   1  -2  -2  -7  -7  -6  -6  -5  -4  -6  -5  -2  -5   -3  -4  -16
C   2   3   2   5   1  -11  -9   -9   -1   1  -1  -8  -7  -7  -6  -5  -5  -6  -6  -3  -5   -3  -4  -16
D   2   2   2   1   5  -10  -9   -9    1   0   1  -6  -5  -5  -5  -4  -1  -4  -4  -1  -4   -2  -3  -16
E -12 -15 -12 -11 -10    6   1    2   -8  -9  -8  -2  -1  -4  -4  -8  -6  -3  -4  -6  -6   -7  -3  -16
F -12 -10 -10  -9  -9    1   6    0   -6  -7  -7   1  -1  -3  -3  -6  -5  -2  -4  -4  -4  -5   -2  -16
H  -9 -10 -10  -9  -9    2   0    6   -5  -6  -6  -1   2  -3  -2  -6  -4   0  -3  -4  -2  -4   -2  -16
G  -1  -1   1  -1   1   -8  -6   -5    7   0  -1  -4  -4  -3  -3  -3  -1  -2  -1   2  -2   1   -2  -16
I  -2  -2  -2   1   0   -9  -7   -6    0   9   3  -5  -3  -4  -4  -2   2  -3  -3  -1  -2  -1   -2  -16
L   0  -1  -2  -1   1   -8  -7   -6   -1   3   7  -6  -5  -3  -4  -1   3  -4  -2  -2  -1  -1   -1  -16
K  -8  -8  -7  -8  -6   -2   1   -1   -4  -5  -6   6   1  -1  -3  -4  -4  -1  -2  -3  -4  -4    0  -16
N  -7  -8  -7  -7  -5   -1  -1    2   -4  -3  -5   1   6   1   1  -3  -3   0  -1  -3   0  -2    0  -16
T  -7  -7  -6  -7  -5   -4  -3   -3   -3  -4  -3  -1   1   6   1   0  -1  -1   0  -2  -1  -2   -2  -16
P  -7  -7  -6  -6  -5   -4  -3   -2   -3  -4  -4  -3   1   1   7   0  -2  -2  -2  -3   1  -2   -1  -16
S  -5  -5  -5  -5  -4   -8  -6   -6   -3  -2  -1  -4  -3   0   0   8   2  -3  -1  -4  -2  -2   -2  -16
W  -4  -6  -4  -5  -1   -6  -5   -4   -1   2   3  -4  -3  -1  -2   2  11  -2   2  -1  -2  -1   -2  -16
X  -6  -7  -6  -6  -4   -3  -2    0   -2  -3  -4  -1   0  -1  -2  -3  -2   7   1   2   1  -1    0  -16
V  -6  -7  -5  -6  -4   -4  -4   -3   -1  -3  -2  -2  -1   0  -2  -1   2   1   8   2  -2  -3   -1  -16
M  -3  -3  -2  -3  -1   -6  -4   -4    2  -1  -2  -3  -3  -2  -3  -4  -1   2   2   7  -2  -1   -2  -16
R  -5  -5  -5  -5  -4   -6  -4   -2   -2  -2  -1  -4   0  -1   1  -2  -2   1  -2  -2   8   3   -2  -16
Q  -3  -3  -3  -3  -2   -7  -5   -4    1  -1  -1  -4  -2  -2  -2  -2  -1  -1  -3  -1   3   6   -2  -16
Z  -4  -4  -4  -4  -3   -3  -2   -2   -2  -2  -1   0   0  -2  -1  -2  -2   0  -1  -2  -2  -2    9  -16
* -16 -16 -16 -16 -16  -16 -16  -16  -16 -16 -16 -16 -16 -16 -16 -16 -16 -16 -16 -16 -16 -16  -16  -16